Target;Target_Namespace;Target_Type;Target_Method;Job_Id;Job_AnalyzeLaunchVariance;Job_EvaluateOverhead;Job_MaxAbsoluteError;Job_MaxRelativeError;Job_MinInvokeCount;Job_MinIterationTime;Job_RemoveOutliers;Job_Affinity;Job_Jit;Job_Platform;Job_Runtime;Job_AllowVeryLargeObjects;Job_Concurrent;Job_CpuGroups;Job_Force;Job_RetainVm;Job_Server;Job_Clock;Job_EngineFactory;Job_Toolchain;Job_InvocationCount;Job_IterationTime;Job_LaunchCount;Job_RunStrategy;Job_TargetCount;Job_UnrollFactor;Job_WarmupCount;Job_Display;Params;Measurement_LaunchIndex;Measurement_IterationMode;Measurement_IterationIndex;Measurement_Nanoseconds;Measurement_Operations;Measurement_Value;Gen_0;Gen_1;Gen_2;Allocated_Bytes
UniqueIdentifierHelper_Benchmark.GetUniqueIdentifier_Generic;Catel.Benchmarks;UniqueIdentifierHelper_Benchmark;GetUniqueIdentifier_Generic;Default;Default;Default;Default;Default;Default;Default;Default;Default;Default;Default;Default;Default;Default;Default;Default;Default;Default;Default;Default;Default;750;Default;2;Throughput;5;1;2;"Job-ENVOHN(InvocationCount=750, LaunchCount=2, RunStrategy=Throughput, TargetCount=5, UnrollFactor=1, WarmupCount=2)";;1;IdleWarmup;1;236900;750;315.87;0;0;0;0
UniqueIdentifierHelper_Benchmark.GetUniqueIdentifier_Generic;Catel.Benchmarks;UniqueIdentifierHelper_Benchmark;GetUniqueIdentifier_Generic;Default;Default;Default;Default;Default;Default;Default;Default;Default;Default;Default;Default;Default;Default;Default;Default;Default;Default;Default;Default;Default;750;Default;2;Throughput;5;1;2;"Job-ENVOHN(InvocationCount=750, LaunchCount=2, RunStrategy=Throughput, TargetCount=5, UnrollFactor=1, WarmupCount=2)";;1;IdleWarmup;2;6500;750;8.67;0;0;0;0
UniqueIdentifierHelper_Benchmark.GetUniqueIdentifier_Generic;Catel.Benchmarks;UniqueIdentifierHelper_Benchmark;GetUniqueIdentifier_Generic;Default;Default;Default;Default;Default;Default;Default;Default;Default;Default;Default;Default;Default;Default;Default;Default;Default;Default;Default;Default;Default;750;Default;2;Throughput;5;1;2;"Job-ENVOHN(InvocationCount=750, LaunchCount=2, RunStrategy=Throughput, TargetCount=5, UnrollFactor=1, WarmupCount=2)";;1;IdleWarmup;3;2600;750;3.47;0;0;0;0
UniqueIdentifierHelper_Benchmark.GetUniqueIdentifier_Generic;Catel.Benchmarks;UniqueIdentifierHelper_Benchmark;GetUniqueIdentifier_Generic;Default;Default;Default;Default;Default;Default;Default;Default;Default;Default;Default;Default;Default;Default;Default;Default;Default;Default;Default;Default;Default;750;Default;2;Throughput;5;1;2;"Job-ENVOHN(InvocationCount=750, LaunchCount=2, RunStrategy=Throughput, TargetCount=5, UnrollFactor=1, WarmupCount=2)";;1;IdleWarmup;4;2600;750;3.47;0;0;0;0
UniqueIdentifierHelper_Benchmark.GetUniqueIdentifier_Generic;Catel.Benchmarks;UniqueIdentifierHelper_Benchmark;GetUniqueIdentifier_Generic;Default;Default;Default;Default;Default;Default;Default;Default;Default;Default;Default;Default;Default;Default;Default;Default;Default;Default;Default;Default;Default;750;Default;2;Throughput;5;1;2;"Job-ENVOHN(InvocationCount=750, LaunchCount=2, RunStrategy=Throughput, TargetCount=5, UnrollFactor=1, WarmupCount=2)";;1;IdleWarmup;5;2600;750;3.47;0;0;0;0
UniqueIdentifierHelper_Benchmark.GetUniqueIdentifier_Generic;Catel.Benchmarks;UniqueIdentifierHelper_Benchmark;GetUniqueIdentifier_Generic;Default;Default;Default;Default;Default;Default;Default;Default;Default;Default;Default;Default;Default;Default;Default;Default;Default;Default;Default;Default;Default;750;Default;2;Throughput;5;1;2;"Job-ENVOHN(InvocationCount=750, LaunchCount=2, RunStrategy=Throughput, TargetCount=5, UnrollFactor=1, WarmupCount=2)";;1;IdleWarmup;6;2600;750;3.47;0;0;0;0
UniqueIdentifierHelper_Benchmark.GetUniqueIdentifier_Generic;Catel.Benchmarks;UniqueIdentifierHelper_Benchmark;GetUniqueIdentifier_Generic;Default;Default;Default;Default;Default;Default;Default;Default;Default;Default;Default;Default;Default;Default;Default;Default;Default;Default;Default;Default;Default;750;Default;2;Throughput;5;1;2;"Job-ENVOHN(InvocationCount=750, LaunchCount=2, RunStrategy=Throughput, TargetCount=5, UnrollFactor=1, WarmupCount=2)";;1;IdleWarmup;7;2900;750;3.87;0;0;0;0
UniqueIdentifierHelper_Benchmark.GetUniqueIdentifier_Generic;Catel.Benchmarks;UniqueIdentifierHelper_Benchmark;GetUniqueIdentifier_Generic;Default;Default;Default;Default;Default;Default;Default;Default;Default;Default;Default;Default;Default;Default;Default;Default;Default;Default;Default;Default;Default;750;Default;2;Throughput;5;1;2;"Job-ENVOHN(InvocationCount=750, LaunchCount=2, RunStrategy=Throughput, TargetCount=5, UnrollFactor=1, WarmupCount=2)";;1;IdleTarget;1;2500;750;3.33;0;0;0;0
UniqueIdentifierHelper_Benchmark.GetUniqueIdentifier_Generic;Catel.Benchmarks;UniqueIdentifierHelper_Benchmark;GetUniqueIdentifier_Generic;Default;Default;Default;Default;Default;Default;Default;Default;Default;Default;Default;Default;Default;Default;Default;Default;Default;Default;Default;Default;Default;750;Default;2;Throughput;5;1;2;"Job-ENVOHN(InvocationCount=750, LaunchCount=2, RunStrategy=Throughput, TargetCount=5, UnrollFactor=1, WarmupCount=2)";;1;IdleTarget;2;2700;750;3.6;0;0;0;0
UniqueIdentifierHelper_Benchmark.GetUniqueIdentifier_Generic;Catel.Benchmarks;UniqueIdentifierHelper_Benchmark;GetUniqueIdentifier_Generic;Default;Default;Default;Default;Default;Default;Default;Default;Default;Default;Default;Default;Default;Default;Default;Default;Default;Default;Default;Default;Default;750;Default;2;Throughput;5;1;2;"Job-ENVOHN(InvocationCount=750, LaunchCount=2, RunStrategy=Throughput, TargetCount=5, UnrollFactor=1, WarmupCount=2)";;1;IdleTarget;3;3000;750;4;0;0;0;0
UniqueIdentifierHelper_Benchmark.GetUniqueIdentifier_Generic;Catel.Benchmarks;UniqueIdentifierHelper_Benchmark;GetUniqueIdentifier_Generic;Default;Default;Default;Default;Default;Default;Default;Default;Default;Default;Default;Default;Default;Default;Default;Default;Default;Default;Default;Default;Default;750;Default;2;Throughput;5;1;2;"Job-ENVOHN(InvocationCount=750, LaunchCount=2, RunStrategy=Throughput, TargetCount=5, UnrollFactor=1, WarmupCount=2)";;1;IdleTarget;4;14700;750;19.6;0;0;0;0
UniqueIdentifierHelper_Benchmark.GetUniqueIdentifier_Generic;Catel.Benchmarks;UniqueIdentifierHelper_Benchmark;GetUniqueIdentifier_Generic;Default;Default;Default;Default;Default;Default;Default;Default;Default;Default;Default;Default;Default;Default;Default;Default;Default;Default;Default;Default;Default;750;Default;2;Throughput;5;1;2;"Job-ENVOHN(InvocationCount=750, LaunchCount=2, RunStrategy=Throughput, TargetCount=5, UnrollFactor=1, WarmupCount=2)";;1;IdleTarget;5;2600;750;3.47;0;0;0;0
UniqueIdentifierHelper_Benchmark.GetUniqueIdentifier_Generic;Catel.Benchmarks;UniqueIdentifierHelper_Benchmark;GetUniqueIdentifier_Generic;Default;Default;Default;Default;Default;Default;Default;Default;Default;Default;Default;Default;Default;Default;Default;Default;Default;Default;Default;Default;Default;750;Default;2;Throughput;5;1;2;"Job-ENVOHN(InvocationCount=750, LaunchCount=2, RunStrategy=Throughput, TargetCount=5, UnrollFactor=1, WarmupCount=2)";;1;IdleTarget;6;2600;750;3.47;0;0;0;0
UniqueIdentifierHelper_Benchmark.GetUniqueIdentifier_Generic;Catel.Benchmarks;UniqueIdentifierHelper_Benchmark;GetUniqueIdentifier_Generic;Default;Default;Default;Default;Default;Default;Default;Default;Default;Default;Default;Default;Default;Default;Default;Default;Default;Default;Default;Default;Default;750;Default;2;Throughput;5;1;2;"Job-ENVOHN(InvocationCount=750, LaunchCount=2, RunStrategy=Throughput, TargetCount=5, UnrollFactor=1, WarmupCount=2)";;1;IdleTarget;7;2600;750;3.47;0;0;0;0
UniqueIdentifierHelper_Benchmark.GetUniqueIdentifier_Generic;Catel.Benchmarks;UniqueIdentifierHelper_Benchmark;GetUniqueIdentifier_Generic;Default;Default;Default;Default;Default;Default;Default;Default;Default;Default;Default;Default;Default;Default;Default;Default;Default;Default;Default;Default;Default;750;Default;2;Throughput;5;1;2;"Job-ENVOHN(InvocationCount=750, LaunchCount=2, RunStrategy=Throughput, TargetCount=5, UnrollFactor=1, WarmupCount=2)";;1;IdleTarget;8;2700;750;3.6;0;0;0;0
UniqueIdentifierHelper_Benchmark.GetUniqueIdentifier_Generic;Catel.Benchmarks;UniqueIdentifierHelper_Benchmark;GetUniqueIdentifier_Generic;Default;Default;Default;Default;Default;Default;Default;Default;Default;Default;Default;Default;Default;Default;Default;Default;Default;Default;Default;Default;Default;750;Default;2;Throughput;5;1;2;"Job-ENVOHN(InvocationCount=750, LaunchCount=2, RunStrategy=Throughput, TargetCount=5, UnrollFactor=1, WarmupCount=2)";;1;IdleTarget;9;2600;750;3.47;0;0;0;0
UniqueIdentifierHelper_Benchmark.GetUniqueIdentifier_Generic;Catel.Benchmarks;UniqueIdentifierHelper_Benchmark;GetUniqueIdentifier_Generic;Default;Default;Default;Default;Default;Default;Default;Default;Default;Default;Default;Default;Default;Default;Default;Default;Default;Default;Default;Default;Default;750;Default;2;Throughput;5;1;2;"Job-ENVOHN(InvocationCount=750, LaunchCount=2, RunStrategy=Throughput, TargetCount=5, UnrollFactor=1, WarmupCount=2)";;1;IdleTarget;10;2700;750;3.6;0;0;0;0
UniqueIdentifierHelper_Benchmark.GetUniqueIdentifier_Generic;Catel.Benchmarks;UniqueIdentifierHelper_Benchmark;GetUniqueIdentifier_Generic;Default;Default;Default;Default;Default;Default;Default;Default;Default;Default;Default;Default;Default;Default;Default;Default;Default;Default;Default;Default;Default;750;Default;2;Throughput;5;1;2;"Job-ENVOHN(InvocationCount=750, LaunchCount=2, RunStrategy=Throughput, TargetCount=5, UnrollFactor=1, WarmupCount=2)";;1;IdleTarget;11;2600;750;3.47;0;0;0;0
UniqueIdentifierHelper_Benchmark.GetUniqueIdentifier_Generic;Catel.Benchmarks;UniqueIdentifierHelper_Benchmark;GetUniqueIdentifier_Generic;Default;Default;Default;Default;Default;Default;Default;Default;Default;Default;Default;Default;Default;Default;Default;Default;Default;Default;Default;Default;Default;750;Default;2;Throughput;5;1;2;"Job-ENVOHN(InvocationCount=750, LaunchCount=2, RunStrategy=Throughput, TargetCount=5, UnrollFactor=1, WarmupCount=2)";;1;IdleTarget;12;2600;750;3.47;0;0;0;0
UniqueIdentifierHelper_Benchmark.GetUniqueIdentifier_Generic;Catel.Benchmarks;UniqueIdentifierHelper_Benchmark;GetUniqueIdentifier_Generic;Default;Default;Default;Default;Default;Default;Default;Default;Default;Default;Default;Default;Default;Default;Default;Default;Default;Default;Default;Default;Default;750;Default;2;Throughput;5;1;2;"Job-ENVOHN(InvocationCount=750, LaunchCount=2, RunStrategy=Throughput, TargetCount=5, UnrollFactor=1, WarmupCount=2)";;1;IdleTarget;13;2600;750;3.47;0;0;0;0
UniqueIdentifierHelper_Benchmark.GetUniqueIdentifier_Generic;Catel.Benchmarks;UniqueIdentifierHelper_Benchmark;GetUniqueIdentifier_Generic;Default;Default;Default;Default;Default;Default;Default;Default;Default;Default;Default;Default;Default;Default;Default;Default;Default;Default;Default;Default;Default;750;Default;2;Throughput;5;1;2;"Job-ENVOHN(InvocationCount=750, LaunchCount=2, RunStrategy=Throughput, TargetCount=5, UnrollFactor=1, WarmupCount=2)";;1;IdleTarget;14;2600;750;3.47;0;0;0;0
UniqueIdentifierHelper_Benchmark.GetUniqueIdentifier_Generic;Catel.Benchmarks;UniqueIdentifierHelper_Benchmark;GetUniqueIdentifier_Generic;Default;Default;Default;Default;Default;Default;Default;Default;Default;Default;Default;Default;Default;Default;Default;Default;Default;Default;Default;Default;Default;750;Default;2;Throughput;5;1;2;"Job-ENVOHN(InvocationCount=750, LaunchCount=2, RunStrategy=Throughput, TargetCount=5, UnrollFactor=1, WarmupCount=2)";;1;IdleTarget;15;2700;750;3.6;0;0;0;0
UniqueIdentifierHelper_Benchmark.GetUniqueIdentifier_Generic;Catel.Benchmarks;UniqueIdentifierHelper_Benchmark;GetUniqueIdentifier_Generic;Default;Default;Default;Default;Default;Default;Default;Default;Default;Default;Default;Default;Default;Default;Default;Default;Default;Default;Default;Default;Default;750;Default;2;Throughput;5;1;2;"Job-ENVOHN(InvocationCount=750, LaunchCount=2, RunStrategy=Throughput, TargetCount=5, UnrollFactor=1, WarmupCount=2)";;1;MainWarmup;1;89000;750;118.67;0;0;0;0
UniqueIdentifierHelper_Benchmark.GetUniqueIdentifier_Generic;Catel.Benchmarks;UniqueIdentifierHelper_Benchmark;GetUniqueIdentifier_Generic;Default;Default;Default;Default;Default;Default;Default;Default;Default;Default;Default;Default;Default;Default;Default;Default;Default;Default;Default;Default;Default;750;Default;2;Throughput;5;1;2;"Job-ENVOHN(InvocationCount=750, LaunchCount=2, RunStrategy=Throughput, TargetCount=5, UnrollFactor=1, WarmupCount=2)";;1;MainWarmup;2;83100;750;110.8;0;0;0;0
UniqueIdentifierHelper_Benchmark.GetUniqueIdentifier_Generic;Catel.Benchmarks;UniqueIdentifierHelper_Benchmark;GetUniqueIdentifier_Generic;Default;Default;Default;Default;Default;Default;Default;Default;Default;Default;Default;Default;Default;Default;Default;Default;Default;Default;Default;Default;Default;750;Default;2;Throughput;5;1;2;"Job-ENVOHN(InvocationCount=750, LaunchCount=2, RunStrategy=Throughput, TargetCount=5, UnrollFactor=1, WarmupCount=2)";;1;MainTarget;1;84100;750;112.13;0;0;0;0
UniqueIdentifierHelper_Benchmark.GetUniqueIdentifier_Generic;Catel.Benchmarks;UniqueIdentifierHelper_Benchmark;GetUniqueIdentifier_Generic;Default;Default;Default;Default;Default;Default;Default;Default;Default;Default;Default;Default;Default;Default;Default;Default;Default;Default;Default;Default;Default;750;Default;2;Throughput;5;1;2;"Job-ENVOHN(InvocationCount=750, LaunchCount=2, RunStrategy=Throughput, TargetCount=5, UnrollFactor=1, WarmupCount=2)";;1;MainTarget;2;82700;750;110.27;0;0;0;0
UniqueIdentifierHelper_Benchmark.GetUniqueIdentifier_Generic;Catel.Benchmarks;UniqueIdentifierHelper_Benchmark;GetUniqueIdentifier_Generic;Default;Default;Default;Default;Default;Default;Default;Default;Default;Default;Default;Default;Default;Default;Default;Default;Default;Default;Default;Default;Default;750;Default;2;Throughput;5;1;2;"Job-ENVOHN(InvocationCount=750, LaunchCount=2, RunStrategy=Throughput, TargetCount=5, UnrollFactor=1, WarmupCount=2)";;1;MainTarget;3;82900;750;110.53;0;0;0;0
UniqueIdentifierHelper_Benchmark.GetUniqueIdentifier_Generic;Catel.Benchmarks;UniqueIdentifierHelper_Benchmark;GetUniqueIdentifier_Generic;Default;Default;Default;Default;Default;Default;Default;Default;Default;Default;Default;Default;Default;Default;Default;Default;Default;Default;Default;Default;Default;750;Default;2;Throughput;5;1;2;"Job-ENVOHN(InvocationCount=750, LaunchCount=2, RunStrategy=Throughput, TargetCount=5, UnrollFactor=1, WarmupCount=2)";;1;MainTarget;4;83300;750;111.07;0;0;0;0
UniqueIdentifierHelper_Benchmark.GetUniqueIdentifier_Generic;Catel.Benchmarks;UniqueIdentifierHelper_Benchmark;GetUniqueIdentifier_Generic;Default;Default;Default;Default;Default;Default;Default;Default;Default;Default;Default;Default;Default;Default;Default;Default;Default;Default;Default;Default;Default;750;Default;2;Throughput;5;1;2;"Job-ENVOHN(InvocationCount=750, LaunchCount=2, RunStrategy=Throughput, TargetCount=5, UnrollFactor=1, WarmupCount=2)";;1;MainTarget;5;83200;750;110.93;0;0;0;0
UniqueIdentifierHelper_Benchmark.GetUniqueIdentifier_Generic;Catel.Benchmarks;UniqueIdentifierHelper_Benchmark;GetUniqueIdentifier_Generic;Default;Default;Default;Default;Default;Default;Default;Default;Default;Default;Default;Default;Default;Default;Default;Default;Default;Default;Default;Default;Default;750;Default;2;Throughput;5;1;2;"Job-ENVOHN(InvocationCount=750, LaunchCount=2, RunStrategy=Throughput, TargetCount=5, UnrollFactor=1, WarmupCount=2)";;1;Result;1;80646.67;750;107.53;0;0;0;0
UniqueIdentifierHelper_Benchmark.GetUniqueIdentifier_Generic;Catel.Benchmarks;UniqueIdentifierHelper_Benchmark;GetUniqueIdentifier_Generic;Default;Default;Default;Default;Default;Default;Default;Default;Default;Default;Default;Default;Default;Default;Default;Default;Default;Default;Default;Default;Default;750;Default;2;Throughput;5;1;2;"Job-ENVOHN(InvocationCount=750, LaunchCount=2, RunStrategy=Throughput, TargetCount=5, UnrollFactor=1, WarmupCount=2)";;1;Result;2;79246.67;750;105.66;0;0;0;0
UniqueIdentifierHelper_Benchmark.GetUniqueIdentifier_Generic;Catel.Benchmarks;UniqueIdentifierHelper_Benchmark;GetUniqueIdentifier_Generic;Default;Default;Default;Default;Default;Default;Default;Default;Default;Default;Default;Default;Default;Default;Default;Default;Default;Default;Default;Default;Default;750;Default;2;Throughput;5;1;2;"Job-ENVOHN(InvocationCount=750, LaunchCount=2, RunStrategy=Throughput, TargetCount=5, UnrollFactor=1, WarmupCount=2)";;1;Result;3;79446.67;750;105.93;0;0;0;0
UniqueIdentifierHelper_Benchmark.GetUniqueIdentifier_Generic;Catel.Benchmarks;UniqueIdentifierHelper_Benchmark;GetUniqueIdentifier_Generic;Default;Default;Default;Default;Default;Default;Default;Default;Default;Default;Default;Default;Default;Default;Default;Default;Default;Default;Default;Default;Default;750;Default;2;Throughput;5;1;2;"Job-ENVOHN(InvocationCount=750, LaunchCount=2, RunStrategy=Throughput, TargetCount=5, UnrollFactor=1, WarmupCount=2)";;1;Result;4;79846.67;750;106.46;0;0;0;0
UniqueIdentifierHelper_Benchmark.GetUniqueIdentifier_Generic;Catel.Benchmarks;UniqueIdentifierHelper_Benchmark;GetUniqueIdentifier_Generic;Default;Default;Default;Default;Default;Default;Default;Default;Default;Default;Default;Default;Default;Default;Default;Default;Default;Default;Default;Default;Default;750;Default;2;Throughput;5;1;2;"Job-ENVOHN(InvocationCount=750, LaunchCount=2, RunStrategy=Throughput, TargetCount=5, UnrollFactor=1, WarmupCount=2)";;1;Result;5;79746.67;750;106.33;0;0;0;0
UniqueIdentifierHelper_Benchmark.GetUniqueIdentifier_Generic;Catel.Benchmarks;UniqueIdentifierHelper_Benchmark;GetUniqueIdentifier_Generic;Default;Default;Default;Default;Default;Default;Default;Default;Default;Default;Default;Default;Default;Default;Default;Default;Default;Default;Default;Default;Default;750;Default;2;Throughput;5;1;2;"Job-ENVOHN(InvocationCount=750, LaunchCount=2, RunStrategy=Throughput, TargetCount=5, UnrollFactor=1, WarmupCount=2)";;2;IdleWarmup;1;261400;750;348.53;0;0;0;0
UniqueIdentifierHelper_Benchmark.GetUniqueIdentifier_Generic;Catel.Benchmarks;UniqueIdentifierHelper_Benchmark;GetUniqueIdentifier_Generic;Default;Default;Default;Default;Default;Default;Default;Default;Default;Default;Default;Default;Default;Default;Default;Default;Default;Default;Default;Default;Default;750;Default;2;Throughput;5;1;2;"Job-ENVOHN(InvocationCount=750, LaunchCount=2, RunStrategy=Throughput, TargetCount=5, UnrollFactor=1, WarmupCount=2)";;2;IdleWarmup;2;6600;750;8.8;0;0;0;0
UniqueIdentifierHelper_Benchmark.GetUniqueIdentifier_Generic;Catel.Benchmarks;UniqueIdentifierHelper_Benchmark;GetUniqueIdentifier_Generic;Default;Default;Default;Default;Default;Default;Default;Default;Default;Default;Default;Default;Default;Default;Default;Default;Default;Default;Default;Default;Default;750;Default;2;Throughput;5;1;2;"Job-ENVOHN(InvocationCount=750, LaunchCount=2, RunStrategy=Throughput, TargetCount=5, UnrollFactor=1, WarmupCount=2)";;2;IdleWarmup;3;2800;750;3.73;0;0;0;0
UniqueIdentifierHelper_Benchmark.GetUniqueIdentifier_Generic;Catel.Benchmarks;UniqueIdentifierHelper_Benchmark;GetUniqueIdentifier_Generic;Default;Default;Default;Default;Default;Default;Default;Default;Default;Default;Default;Default;Default;Default;Default;Default;Default;Default;Default;Default;Default;750;Default;2;Throughput;5;1;2;"Job-ENVOHN(InvocationCount=750, LaunchCount=2, RunStrategy=Throughput, TargetCount=5, UnrollFactor=1, WarmupCount=2)";;2;IdleWarmup;4;3000;750;4;0;0;0;0
UniqueIdentifierHelper_Benchmark.GetUniqueIdentifier_Generic;Catel.Benchmarks;UniqueIdentifierHelper_Benchmark;GetUniqueIdentifier_Generic;Default;Default;Default;Default;Default;Default;Default;Default;Default;Default;Default;Default;Default;Default;Default;Default;Default;Default;Default;Default;Default;750;Default;2;Throughput;5;1;2;"Job-ENVOHN(InvocationCount=750, LaunchCount=2, RunStrategy=Throughput, TargetCount=5, UnrollFactor=1, WarmupCount=2)";;2;IdleWarmup;5;2700;750;3.6;0;0;0;0
UniqueIdentifierHelper_Benchmark.GetUniqueIdentifier_Generic;Catel.Benchmarks;UniqueIdentifierHelper_Benchmark;GetUniqueIdentifier_Generic;Default;Default;Default;Default;Default;Default;Default;Default;Default;Default;Default;Default;Default;Default;Default;Default;Default;Default;Default;Default;Default;750;Default;2;Throughput;5;1;2;"Job-ENVOHN(InvocationCount=750, LaunchCount=2, RunStrategy=Throughput, TargetCount=5, UnrollFactor=1, WarmupCount=2)";;2;IdleWarmup;6;3000;750;4;0;0;0;0
UniqueIdentifierHelper_Benchmark.GetUniqueIdentifier_Generic;Catel.Benchmarks;UniqueIdentifierHelper_Benchmark;GetUniqueIdentifier_Generic;Default;Default;Default;Default;Default;Default;Default;Default;Default;Default;Default;Default;Default;Default;Default;Default;Default;Default;Default;Default;Default;750;Default;2;Throughput;5;1;2;"Job-ENVOHN(InvocationCount=750, LaunchCount=2, RunStrategy=Throughput, TargetCount=5, UnrollFactor=1, WarmupCount=2)";;2;IdleWarmup;7;2900;750;3.87;0;0;0;0
UniqueIdentifierHelper_Benchmark.GetUniqueIdentifier_Generic;Catel.Benchmarks;UniqueIdentifierHelper_Benchmark;GetUniqueIdentifier_Generic;Default;Default;Default;Default;Default;Default;Default;Default;Default;Default;Default;Default;Default;Default;Default;Default;Default;Default;Default;Default;Default;750;Default;2;Throughput;5;1;2;"Job-ENVOHN(InvocationCount=750, LaunchCount=2, RunStrategy=Throughput, TargetCount=5, UnrollFactor=1, WarmupCount=2)";;2;IdleTarget;1;2700;750;3.6;0;0;0;0
UniqueIdentifierHelper_Benchmark.GetUniqueIdentifier_Generic;Catel.Benchmarks;UniqueIdentifierHelper_Benchmark;GetUniqueIdentifier_Generic;Default;Default;Default;Default;Default;Default;Default;Default;Default;Default;Default;Default;Default;Default;Default;Default;Default;Default;Default;Default;Default;750;Default;2;Throughput;5;1;2;"Job-ENVOHN(InvocationCount=750, LaunchCount=2, RunStrategy=Throughput, TargetCount=5, UnrollFactor=1, WarmupCount=2)";;2;IdleTarget;2;2800;750;3.73;0;0;0;0
UniqueIdentifierHelper_Benchmark.GetUniqueIdentifier_Generic;Catel.Benchmarks;UniqueIdentifierHelper_Benchmark;GetUniqueIdentifier_Generic;Default;Default;Default;Default;Default;Default;Default;Default;Default;Default;Default;Default;Default;Default;Default;Default;Default;Default;Default;Default;Default;750;Default;2;Throughput;5;1;2;"Job-ENVOHN(InvocationCount=750, LaunchCount=2, RunStrategy=Throughput, TargetCount=5, UnrollFactor=1, WarmupCount=2)";;2;IdleTarget;3;2800;750;3.73;0;0;0;0
UniqueIdentifierHelper_Benchmark.GetUniqueIdentifier_Generic;Catel.Benchmarks;UniqueIdentifierHelper_Benchmark;GetUniqueIdentifier_Generic;Default;Default;Default;Default;Default;Default;Default;Default;Default;Default;Default;Default;Default;Default;Default;Default;Default;Default;Default;Default;Default;750;Default;2;Throughput;5;1;2;"Job-ENVOHN(InvocationCount=750, LaunchCount=2, RunStrategy=Throughput, TargetCount=5, UnrollFactor=1, WarmupCount=2)";;2;IdleTarget;4;2800;750;3.73;0;0;0;0
UniqueIdentifierHelper_Benchmark.GetUniqueIdentifier_Generic;Catel.Benchmarks;UniqueIdentifierHelper_Benchmark;GetUniqueIdentifier_Generic;Default;Default;Default;Default;Default;Default;Default;Default;Default;Default;Default;Default;Default;Default;Default;Default;Default;Default;Default;Default;Default;750;Default;2;Throughput;5;1;2;"Job-ENVOHN(InvocationCount=750, LaunchCount=2, RunStrategy=Throughput, TargetCount=5, UnrollFactor=1, WarmupCount=2)";;2;IdleTarget;5;2700;750;3.6;0;0;0;0
UniqueIdentifierHelper_Benchmark.GetUniqueIdentifier_Generic;Catel.Benchmarks;UniqueIdentifierHelper_Benchmark;GetUniqueIdentifier_Generic;Default;Default;Default;Default;Default;Default;Default;Default;Default;Default;Default;Default;Default;Default;Default;Default;Default;Default;Default;Default;Default;750;Default;2;Throughput;5;1;2;"Job-ENVOHN(InvocationCount=750, LaunchCount=2, RunStrategy=Throughput, TargetCount=5, UnrollFactor=1, WarmupCount=2)";;2;IdleTarget;6;2800;750;3.73;0;0;0;0
UniqueIdentifierHelper_Benchmark.GetUniqueIdentifier_Generic;Catel.Benchmarks;UniqueIdentifierHelper_Benchmark;GetUniqueIdentifier_Generic;Default;Default;Default;Default;Default;Default;Default;Default;Default;Default;Default;Default;Default;Default;Default;Default;Default;Default;Default;Default;Default;750;Default;2;Throughput;5;1;2;"Job-ENVOHN(InvocationCount=750, LaunchCount=2, RunStrategy=Throughput, TargetCount=5, UnrollFactor=1, WarmupCount=2)";;2;IdleTarget;7;3000;750;4;0;0;0;0
UniqueIdentifierHelper_Benchmark.GetUniqueIdentifier_Generic;Catel.Benchmarks;UniqueIdentifierHelper_Benchmark;GetUniqueIdentifier_Generic;Default;Default;Default;Default;Default;Default;Default;Default;Default;Default;Default;Default;Default;Default;Default;Default;Default;Default;Default;Default;Default;750;Default;2;Throughput;5;1;2;"Job-ENVOHN(InvocationCount=750, LaunchCount=2, RunStrategy=Throughput, TargetCount=5, UnrollFactor=1, WarmupCount=2)";;2;IdleTarget;8;2800;750;3.73;0;0;0;0
UniqueIdentifierHelper_Benchmark.GetUniqueIdentifier_Generic;Catel.Benchmarks;UniqueIdentifierHelper_Benchmark;GetUniqueIdentifier_Generic;Default;Default;Default;Default;Default;Default;Default;Default;Default;Default;Default;Default;Default;Default;Default;Default;Default;Default;Default;Default;Default;750;Default;2;Throughput;5;1;2;"Job-ENVOHN(InvocationCount=750, LaunchCount=2, RunStrategy=Throughput, TargetCount=5, UnrollFactor=1, WarmupCount=2)";;2;IdleTarget;9;2800;750;3.73;0;0;0;0
UniqueIdentifierHelper_Benchmark.GetUniqueIdentifier_Generic;Catel.Benchmarks;UniqueIdentifierHelper_Benchmark;GetUniqueIdentifier_Generic;Default;Default;Default;Default;Default;Default;Default;Default;Default;Default;Default;Default;Default;Default;Default;Default;Default;Default;Default;Default;Default;750;Default;2;Throughput;5;1;2;"Job-ENVOHN(InvocationCount=750, LaunchCount=2, RunStrategy=Throughput, TargetCount=5, UnrollFactor=1, WarmupCount=2)";;2;IdleTarget;10;2800;750;3.73;0;0;0;0
UniqueIdentifierHelper_Benchmark.GetUniqueIdentifier_Generic;Catel.Benchmarks;UniqueIdentifierHelper_Benchmark;GetUniqueIdentifier_Generic;Default;Default;Default;Default;Default;Default;Default;Default;Default;Default;Default;Default;Default;Default;Default;Default;Default;Default;Default;Default;Default;750;Default;2;Throughput;5;1;2;"Job-ENVOHN(InvocationCount=750, LaunchCount=2, RunStrategy=Throughput, TargetCount=5, UnrollFactor=1, WarmupCount=2)";;2;IdleTarget;11;2800;750;3.73;0;0;0;0
UniqueIdentifierHelper_Benchmark.GetUniqueIdentifier_Generic;Catel.Benchmarks;UniqueIdentifierHelper_Benchmark;GetUniqueIdentifier_Generic;Default;Default;Default;Default;Default;Default;Default;Default;Default;Default;Default;Default;Default;Default;Default;Default;Default;Default;Default;Default;Default;750;Default;2;Throughput;5;1;2;"Job-ENVOHN(InvocationCount=750, LaunchCount=2, RunStrategy=Throughput, TargetCount=5, UnrollFactor=1, WarmupCount=2)";;2;IdleTarget;12;2800;750;3.73;0;0;0;0
UniqueIdentifierHelper_Benchmark.GetUniqueIdentifier_Generic;Catel.Benchmarks;UniqueIdentifierHelper_Benchmark;GetUniqueIdentifier_Generic;Default;Default;Default;Default;Default;Default;Default;Default;Default;Default;Default;Default;Default;Default;Default;Default;Default;Default;Default;Default;Default;750;Default;2;Throughput;5;1;2;"Job-ENVOHN(InvocationCount=750, LaunchCount=2, RunStrategy=Throughput, TargetCount=5, UnrollFactor=1, WarmupCount=2)";;2;IdleTarget;13;2700;750;3.6;0;0;0;0
UniqueIdentifierHelper_Benchmark.GetUniqueIdentifier_Generic;Catel.Benchmarks;UniqueIdentifierHelper_Benchmark;GetUniqueIdentifier_Generic;Default;Default;Default;Default;Default;Default;Default;Default;Default;Default;Default;Default;Default;Default;Default;Default;Default;Default;Default;Default;Default;750;Default;2;Throughput;5;1;2;"Job-ENVOHN(InvocationCount=750, LaunchCount=2, RunStrategy=Throughput, TargetCount=5, UnrollFactor=1, WarmupCount=2)";;2;IdleTarget;14;2800;750;3.73;0;0;0;0
UniqueIdentifierHelper_Benchmark.GetUniqueIdentifier_Generic;Catel.Benchmarks;UniqueIdentifierHelper_Benchmark;GetUniqueIdentifier_Generic;Default;Default;Default;Default;Default;Default;Default;Default;Default;Default;Default;Default;Default;Default;Default;Default;Default;Default;Default;Default;Default;750;Default;2;Throughput;5;1;2;"Job-ENVOHN(InvocationCount=750, LaunchCount=2, RunStrategy=Throughput, TargetCount=5, UnrollFactor=1, WarmupCount=2)";;2;IdleTarget;15;2900;750;3.87;0;0;0;0
UniqueIdentifierHelper_Benchmark.GetUniqueIdentifier_Generic;Catel.Benchmarks;UniqueIdentifierHelper_Benchmark;GetUniqueIdentifier_Generic;Default;Default;Default;Default;Default;Default;Default;Default;Default;Default;Default;Default;Default;Default;Default;Default;Default;Default;Default;Default;Default;750;Default;2;Throughput;5;1;2;"Job-ENVOHN(InvocationCount=750, LaunchCount=2, RunStrategy=Throughput, TargetCount=5, UnrollFactor=1, WarmupCount=2)";;2;MainWarmup;1;89400;750;119.2;0;0;0;0
UniqueIdentifierHelper_Benchmark.GetUniqueIdentifier_Generic;Catel.Benchmarks;UniqueIdentifierHelper_Benchmark;GetUniqueIdentifier_Generic;Default;Default;Default;Default;Default;Default;Default;Default;Default;Default;Default;Default;Default;Default;Default;Default;Default;Default;Default;Default;Default;750;Default;2;Throughput;5;1;2;"Job-ENVOHN(InvocationCount=750, LaunchCount=2, RunStrategy=Throughput, TargetCount=5, UnrollFactor=1, WarmupCount=2)";;2;MainWarmup;2;83900;750;111.87;0;0;0;0
UniqueIdentifierHelper_Benchmark.GetUniqueIdentifier_Generic;Catel.Benchmarks;UniqueIdentifierHelper_Benchmark;GetUniqueIdentifier_Generic;Default;Default;Default;Default;Default;Default;Default;Default;Default;Default;Default;Default;Default;Default;Default;Default;Default;Default;Default;Default;Default;750;Default;2;Throughput;5;1;2;"Job-ENVOHN(InvocationCount=750, LaunchCount=2, RunStrategy=Throughput, TargetCount=5, UnrollFactor=1, WarmupCount=2)";;2;MainTarget;1;86700;750;115.6;0;0;0;0
UniqueIdentifierHelper_Benchmark.GetUniqueIdentifier_Generic;Catel.Benchmarks;UniqueIdentifierHelper_Benchmark;GetUniqueIdentifier_Generic;Default;Default;Default;Default;Default;Default;Default;Default;Default;Default;Default;Default;Default;Default;Default;Default;Default;Default;Default;Default;Default;750;Default;2;Throughput;5;1;2;"Job-ENVOHN(InvocationCount=750, LaunchCount=2, RunStrategy=Throughput, TargetCount=5, UnrollFactor=1, WarmupCount=2)";;2;MainTarget;2;83700;750;111.6;0;0;0;0
UniqueIdentifierHelper_Benchmark.GetUniqueIdentifier_Generic;Catel.Benchmarks;UniqueIdentifierHelper_Benchmark;GetUniqueIdentifier_Generic;Default;Default;Default;Default;Default;Default;Default;Default;Default;Default;Default;Default;Default;Default;Default;Default;Default;Default;Default;Default;Default;750;Default;2;Throughput;5;1;2;"Job-ENVOHN(InvocationCount=750, LaunchCount=2, RunStrategy=Throughput, TargetCount=5, UnrollFactor=1, WarmupCount=2)";;2;MainTarget;3;82500;750;110;0;0;0;0
UniqueIdentifierHelper_Benchmark.GetUniqueIdentifier_Generic;Catel.Benchmarks;UniqueIdentifierHelper_Benchmark;GetUniqueIdentifier_Generic;Default;Default;Default;Default;Default;Default;Default;Default;Default;Default;Default;Default;Default;Default;Default;Default;Default;Default;Default;Default;Default;750;Default;2;Throughput;5;1;2;"Job-ENVOHN(InvocationCount=750, LaunchCount=2, RunStrategy=Throughput, TargetCount=5, UnrollFactor=1, WarmupCount=2)";;2;MainTarget;4;82700;750;110.27;0;0;0;0
UniqueIdentifierHelper_Benchmark.GetUniqueIdentifier_Generic;Catel.Benchmarks;UniqueIdentifierHelper_Benchmark;GetUniqueIdentifier_Generic;Default;Default;Default;Default;Default;Default;Default;Default;Default;Default;Default;Default;Default;Default;Default;Default;Default;Default;Default;Default;Default;750;Default;2;Throughput;5;1;2;"Job-ENVOHN(InvocationCount=750, LaunchCount=2, RunStrategy=Throughput, TargetCount=5, UnrollFactor=1, WarmupCount=2)";;2;MainTarget;5;82400;750;109.87;0;0;0;0
UniqueIdentifierHelper_Benchmark.GetUniqueIdentifier_Generic;Catel.Benchmarks;UniqueIdentifierHelper_Benchmark;GetUniqueIdentifier_Generic;Default;Default;Default;Default;Default;Default;Default;Default;Default;Default;Default;Default;Default;Default;Default;Default;Default;Default;Default;Default;Default;750;Default;2;Throughput;5;1;2;"Job-ENVOHN(InvocationCount=750, LaunchCount=2, RunStrategy=Throughput, TargetCount=5, UnrollFactor=1, WarmupCount=2)";;2;Result;1;83900;750;111.87;0;0;0;0
UniqueIdentifierHelper_Benchmark.GetUniqueIdentifier_Generic;Catel.Benchmarks;UniqueIdentifierHelper_Benchmark;GetUniqueIdentifier_Generic;Default;Default;Default;Default;Default;Default;Default;Default;Default;Default;Default;Default;Default;Default;Default;Default;Default;Default;Default;Default;Default;750;Default;2;Throughput;5;1;2;"Job-ENVOHN(InvocationCount=750, LaunchCount=2, RunStrategy=Throughput, TargetCount=5, UnrollFactor=1, WarmupCount=2)";;2;Result;2;80900;750;107.87;0;0;0;0
UniqueIdentifierHelper_Benchmark.GetUniqueIdentifier_Generic;Catel.Benchmarks;UniqueIdentifierHelper_Benchmark;GetUniqueIdentifier_Generic;Default;Default;Default;Default;Default;Default;Default;Default;Default;Default;Default;Default;Default;Default;Default;Default;Default;Default;Default;Default;Default;750;Default;2;Throughput;5;1;2;"Job-ENVOHN(InvocationCount=750, LaunchCount=2, RunStrategy=Throughput, TargetCount=5, UnrollFactor=1, WarmupCount=2)";;2;Result;3;79700;750;106.27;0;0;0;0
UniqueIdentifierHelper_Benchmark.GetUniqueIdentifier_Generic;Catel.Benchmarks;UniqueIdentifierHelper_Benchmark;GetUniqueIdentifier_Generic;Default;Default;Default;Default;Default;Default;Default;Default;Default;Default;Default;Default;Default;Default;Default;Default;Default;Default;Default;Default;Default;750;Default;2;Throughput;5;1;2;"Job-ENVOHN(InvocationCount=750, LaunchCount=2, RunStrategy=Throughput, TargetCount=5, UnrollFactor=1, WarmupCount=2)";;2;Result;4;79900;750;106.53;0;0;0;0
UniqueIdentifierHelper_Benchmark.GetUniqueIdentifier_Generic;Catel.Benchmarks;UniqueIdentifierHelper_Benchmark;GetUniqueIdentifier_Generic;Default;Default;Default;Default;Default;Default;Default;Default;Default;Default;Default;Default;Default;Default;Default;Default;Default;Default;Default;Default;Default;750;Default;2;Throughput;5;1;2;"Job-ENVOHN(InvocationCount=750, LaunchCount=2, RunStrategy=Throughput, TargetCount=5, UnrollFactor=1, WarmupCount=2)";;2;Result;5;79600;750;106.13;0;0;0;0
UniqueIdentifierHelper_Benchmark.GetUniqueIdentifier;Catel.Benchmarks;UniqueIdentifierHelper_Benchmark;GetUniqueIdentifier;Default;Default;Default;Default;Default;Default;Default;Default;Default;Default;Default;Default;Default;Default;Default;Default;Default;Default;Default;Default;Default;750;Default;2;Throughput;5;1;2;"Job-ENVOHN(InvocationCount=750, LaunchCount=2, RunStrategy=Throughput, TargetCount=5, UnrollFactor=1, WarmupCount=2)";;1;IdleWarmup;1;248400;750;331.2;0;0;0;0
UniqueIdentifierHelper_Benchmark.GetUniqueIdentifier;Catel.Benchmarks;UniqueIdentifierHelper_Benchmark;GetUniqueIdentifier;Default;Default;Default;Default;Default;Default;Default;Default;Default;Default;Default;Default;Default;Default;Default;Default;Default;Default;Default;Default;Default;750;Default;2;Throughput;5;1;2;"Job-ENVOHN(InvocationCount=750, LaunchCount=2, RunStrategy=Throughput, TargetCount=5, UnrollFactor=1, WarmupCount=2)";;1;IdleWarmup;2;6800;750;9.07;0;0;0;0
UniqueIdentifierHelper_Benchmark.GetUniqueIdentifier;Catel.Benchmarks;UniqueIdentifierHelper_Benchmark;GetUniqueIdentifier;Default;Default;Default;Default;Default;Default;Default;Default;Default;Default;Default;Default;Default;Default;Default;Default;Default;Default;Default;Default;Default;750;Default;2;Throughput;5;1;2;"Job-ENVOHN(InvocationCount=750, LaunchCount=2, RunStrategy=Throughput, TargetCount=5, UnrollFactor=1, WarmupCount=2)";;1;IdleWarmup;3;2800;750;3.73;0;0;0;0
UniqueIdentifierHelper_Benchmark.GetUniqueIdentifier;Catel.Benchmarks;UniqueIdentifierHelper_Benchmark;GetUniqueIdentifier;Default;Default;Default;Default;Default;Default;Default;Default;Default;Default;Default;Default;Default;Default;Default;Default;Default;Default;Default;Default;Default;750;Default;2;Throughput;5;1;2;"Job-ENVOHN(InvocationCount=750, LaunchCount=2, RunStrategy=Throughput, TargetCount=5, UnrollFactor=1, WarmupCount=2)";;1;IdleWarmup;4;2700;750;3.6;0;0;0;0
UniqueIdentifierHelper_Benchmark.GetUniqueIdentifier;Catel.Benchmarks;UniqueIdentifierHelper_Benchmark;GetUniqueIdentifier;Default;Default;Default;Default;Default;Default;Default;Default;Default;Default;Default;Default;Default;Default;Default;Default;Default;Default;Default;Default;Default;750;Default;2;Throughput;5;1;2;"Job-ENVOHN(InvocationCount=750, LaunchCount=2, RunStrategy=Throughput, TargetCount=5, UnrollFactor=1, WarmupCount=2)";;1;IdleWarmup;5;2700;750;3.6;0;0;0;0
UniqueIdentifierHelper_Benchmark.GetUniqueIdentifier;Catel.Benchmarks;UniqueIdentifierHelper_Benchmark;GetUniqueIdentifier;Default;Default;Default;Default;Default;Default;Default;Default;Default;Default;Default;Default;Default;Default;Default;Default;Default;Default;Default;Default;Default;750;Default;2;Throughput;5;1;2;"Job-ENVOHN(InvocationCount=750, LaunchCount=2, RunStrategy=Throughput, TargetCount=5, UnrollFactor=1, WarmupCount=2)";;1;IdleWarmup;6;2700;750;3.6;0;0;0;0
UniqueIdentifierHelper_Benchmark.GetUniqueIdentifier;Catel.Benchmarks;UniqueIdentifierHelper_Benchmark;GetUniqueIdentifier;Default;Default;Default;Default;Default;Default;Default;Default;Default;Default;Default;Default;Default;Default;Default;Default;Default;Default;Default;Default;Default;750;Default;2;Throughput;5;1;2;"Job-ENVOHN(InvocationCount=750, LaunchCount=2, RunStrategy=Throughput, TargetCount=5, UnrollFactor=1, WarmupCount=2)";;1;IdleWarmup;7;3000;750;4;0;0;0;0
UniqueIdentifierHelper_Benchmark.GetUniqueIdentifier;Catel.Benchmarks;UniqueIdentifierHelper_Benchmark;GetUniqueIdentifier;Default;Default;Default;Default;Default;Default;Default;Default;Default;Default;Default;Default;Default;Default;Default;Default;Default;Default;Default;Default;Default;750;Default;2;Throughput;5;1;2;"Job-ENVOHN(InvocationCount=750, LaunchCount=2, RunStrategy=Throughput, TargetCount=5, UnrollFactor=1, WarmupCount=2)";;1;IdleWarmup;8;2900;750;3.87;0;0;0;0
UniqueIdentifierHelper_Benchmark.GetUniqueIdentifier;Catel.Benchmarks;UniqueIdentifierHelper_Benchmark;GetUniqueIdentifier;Default;Default;Default;Default;Default;Default;Default;Default;Default;Default;Default;Default;Default;Default;Default;Default;Default;Default;Default;Default;Default;750;Default;2;Throughput;5;1;2;"Job-ENVOHN(InvocationCount=750, LaunchCount=2, RunStrategy=Throughput, TargetCount=5, UnrollFactor=1, WarmupCount=2)";;1;IdleTarget;1;3000;750;4;0;0;0;0
UniqueIdentifierHelper_Benchmark.GetUniqueIdentifier;Catel.Benchmarks;UniqueIdentifierHelper_Benchmark;GetUniqueIdentifier;Default;Default;Default;Default;Default;Default;Default;Default;Default;Default;Default;Default;Default;Default;Default;Default;Default;Default;Default;Default;Default;750;Default;2;Throughput;5;1;2;"Job-ENVOHN(InvocationCount=750, LaunchCount=2, RunStrategy=Throughput, TargetCount=5, UnrollFactor=1, WarmupCount=2)";;1;IdleTarget;2;2900;750;3.87;0;0;0;0
UniqueIdentifierHelper_Benchmark.GetUniqueIdentifier;Catel.Benchmarks;UniqueIdentifierHelper_Benchmark;GetUniqueIdentifier;Default;Default;Default;Default;Default;Default;Default;Default;Default;Default;Default;Default;Default;Default;Default;Default;Default;Default;Default;Default;Default;750;Default;2;Throughput;5;1;2;"Job-ENVOHN(InvocationCount=750, LaunchCount=2, RunStrategy=Throughput, TargetCount=5, UnrollFactor=1, WarmupCount=2)";;1;IdleTarget;3;3300;750;4.4;0;0;0;0
UniqueIdentifierHelper_Benchmark.GetUniqueIdentifier;Catel.Benchmarks;UniqueIdentifierHelper_Benchmark;GetUniqueIdentifier;Default;Default;Default;Default;Default;Default;Default;Default;Default;Default;Default;Default;Default;Default;Default;Default;Default;Default;Default;Default;Default;750;Default;2;Throughput;5;1;2;"Job-ENVOHN(InvocationCount=750, LaunchCount=2, RunStrategy=Throughput, TargetCount=5, UnrollFactor=1, WarmupCount=2)";;1;IdleTarget;4;3000;750;4;0;0;0;0
UniqueIdentifierHelper_Benchmark.GetUniqueIdentifier;Catel.Benchmarks;UniqueIdentifierHelper_Benchmark;GetUniqueIdentifier;Default;Default;Default;Default;Default;Default;Default;Default;Default;Default;Default;Default;Default;Default;Default;Default;Default;Default;Default;Default;Default;750;Default;2;Throughput;5;1;2;"Job-ENVOHN(InvocationCount=750, LaunchCount=2, RunStrategy=Throughput, TargetCount=5, UnrollFactor=1, WarmupCount=2)";;1;IdleTarget;5;2800;750;3.73;0;0;0;0
UniqueIdentifierHelper_Benchmark.GetUniqueIdentifier;Catel.Benchmarks;UniqueIdentifierHelper_Benchmark;GetUniqueIdentifier;Default;Default;Default;Default;Default;Default;Default;Default;Default;Default;Default;Default;Default;Default;Default;Default;Default;Default;Default;Default;Default;750;Default;2;Throughput;5;1;2;"Job-ENVOHN(InvocationCount=750, LaunchCount=2, RunStrategy=Throughput, TargetCount=5, UnrollFactor=1, WarmupCount=2)";;1;IdleTarget;6;2700;750;3.6;0;0;0;0
UniqueIdentifierHelper_Benchmark.GetUniqueIdentifier;Catel.Benchmarks;UniqueIdentifierHelper_Benchmark;GetUniqueIdentifier;Default;Default;Default;Default;Default;Default;Default;Default;Default;Default;Default;Default;Default;Default;Default;Default;Default;Default;Default;Default;Default;750;Default;2;Throughput;5;1;2;"Job-ENVOHN(InvocationCount=750, LaunchCount=2, RunStrategy=Throughput, TargetCount=5, UnrollFactor=1, WarmupCount=2)";;1;IdleTarget;7;2800;750;3.73;0;0;0;0
UniqueIdentifierHelper_Benchmark.GetUniqueIdentifier;Catel.Benchmarks;UniqueIdentifierHelper_Benchmark;GetUniqueIdentifier;Default;Default;Default;Default;Default;Default;Default;Default;Default;Default;Default;Default;Default;Default;Default;Default;Default;Default;Default;Default;Default;750;Default;2;Throughput;5;1;2;"Job-ENVOHN(InvocationCount=750, LaunchCount=2, RunStrategy=Throughput, TargetCount=5, UnrollFactor=1, WarmupCount=2)";;1;IdleTarget;8;4600;750;6.13;0;0;0;0
UniqueIdentifierHelper_Benchmark.GetUniqueIdentifier;Catel.Benchmarks;UniqueIdentifierHelper_Benchmark;GetUniqueIdentifier;Default;Default;Default;Default;Default;Default;Default;Default;Default;Default;Default;Default;Default;Default;Default;Default;Default;Default;Default;Default;Default;750;Default;2;Throughput;5;1;2;"Job-ENVOHN(InvocationCount=750, LaunchCount=2, RunStrategy=Throughput, TargetCount=5, UnrollFactor=1, WarmupCount=2)";;1;IdleTarget;9;2800;750;3.73;0;0;0;0
UniqueIdentifierHelper_Benchmark.GetUniqueIdentifier;Catel.Benchmarks;UniqueIdentifierHelper_Benchmark;GetUniqueIdentifier;Default;Default;Default;Default;Default;Default;Default;Default;Default;Default;Default;Default;Default;Default;Default;Default;Default;Default;Default;Default;Default;750;Default;2;Throughput;5;1;2;"Job-ENVOHN(InvocationCount=750, LaunchCount=2, RunStrategy=Throughput, TargetCount=5, UnrollFactor=1, WarmupCount=2)";;1;IdleTarget;10;2900;750;3.87;0;0;0;0
UniqueIdentifierHelper_Benchmark.GetUniqueIdentifier;Catel.Benchmarks;UniqueIdentifierHelper_Benchmark;GetUniqueIdentifier;Default;Default;Default;Default;Default;Default;Default;Default;Default;Default;Default;Default;Default;Default;Default;Default;Default;Default;Default;Default;Default;750;Default;2;Throughput;5;1;2;"Job-ENVOHN(InvocationCount=750, LaunchCount=2, RunStrategy=Throughput, TargetCount=5, UnrollFactor=1, WarmupCount=2)";;1;IdleTarget;11;2800;750;3.73;0;0;0;0
UniqueIdentifierHelper_Benchmark.GetUniqueIdentifier;Catel.Benchmarks;UniqueIdentifierHelper_Benchmark;GetUniqueIdentifier;Default;Default;Default;Default;Default;Default;Default;Default;Default;Default;Default;Default;Default;Default;Default;Default;Default;Default;Default;Default;Default;750;Default;2;Throughput;5;1;2;"Job-ENVOHN(InvocationCount=750, LaunchCount=2, RunStrategy=Throughput, TargetCount=5, UnrollFactor=1, WarmupCount=2)";;1;IdleTarget;12;2800;750;3.73;0;0;0;0
UniqueIdentifierHelper_Benchmark.GetUniqueIdentifier;Catel.Benchmarks;UniqueIdentifierHelper_Benchmark;GetUniqueIdentifier;Default;Default;Default;Default;Default;Default;Default;Default;Default;Default;Default;Default;Default;Default;Default;Default;Default;Default;Default;Default;Default;750;Default;2;Throughput;5;1;2;"Job-ENVOHN(InvocationCount=750, LaunchCount=2, RunStrategy=Throughput, TargetCount=5, UnrollFactor=1, WarmupCount=2)";;1;IdleTarget;13;2700;750;3.6;0;0;0;0
UniqueIdentifierHelper_Benchmark.GetUniqueIdentifier;Catel.Benchmarks;UniqueIdentifierHelper_Benchmark;GetUniqueIdentifier;Default;Default;Default;Default;Default;Default;Default;Default;Default;Default;Default;Default;Default;Default;Default;Default;Default;Default;Default;Default;Default;750;Default;2;Throughput;5;1;2;"Job-ENVOHN(InvocationCount=750, LaunchCount=2, RunStrategy=Throughput, TargetCount=5, UnrollFactor=1, WarmupCount=2)";;1;IdleTarget;14;2800;750;3.73;0;0;0;0
UniqueIdentifierHelper_Benchmark.GetUniqueIdentifier;Catel.Benchmarks;UniqueIdentifierHelper_Benchmark;GetUniqueIdentifier;Default;Default;Default;Default;Default;Default;Default;Default;Default;Default;Default;Default;Default;Default;Default;Default;Default;Default;Default;Default;Default;750;Default;2;Throughput;5;1;2;"Job-ENVOHN(InvocationCount=750, LaunchCount=2, RunStrategy=Throughput, TargetCount=5, UnrollFactor=1, WarmupCount=2)";;1;IdleTarget;15;3000;750;4;0;0;0;0
UniqueIdentifierHelper_Benchmark.GetUniqueIdentifier;Catel.Benchmarks;UniqueIdentifierHelper_Benchmark;GetUniqueIdentifier;Default;Default;Default;Default;Default;Default;Default;Default;Default;Default;Default;Default;Default;Default;Default;Default;Default;Default;Default;Default;Default;750;Default;2;Throughput;5;1;2;"Job-ENVOHN(InvocationCount=750, LaunchCount=2, RunStrategy=Throughput, TargetCount=5, UnrollFactor=1, WarmupCount=2)";;1;IdleTarget;16;2800;750;3.73;0;0;0;0
UniqueIdentifierHelper_Benchmark.GetUniqueIdentifier;Catel.Benchmarks;UniqueIdentifierHelper_Benchmark;GetUniqueIdentifier;Default;Default;Default;Default;Default;Default;Default;Default;Default;Default;Default;Default;Default;Default;Default;Default;Default;Default;Default;Default;Default;750;Default;2;Throughput;5;1;2;"Job-ENVOHN(InvocationCount=750, LaunchCount=2, RunStrategy=Throughput, TargetCount=5, UnrollFactor=1, WarmupCount=2)";;1;IdleTarget;17;2800;750;3.73;0;0;0;0
UniqueIdentifierHelper_Benchmark.GetUniqueIdentifier;Catel.Benchmarks;UniqueIdentifierHelper_Benchmark;GetUniqueIdentifier;Default;Default;Default;Default;Default;Default;Default;Default;Default;Default;Default;Default;Default;Default;Default;Default;Default;Default;Default;Default;Default;750;Default;2;Throughput;5;1;2;"Job-ENVOHN(InvocationCount=750, LaunchCount=2, RunStrategy=Throughput, TargetCount=5, UnrollFactor=1, WarmupCount=2)";;1;IdleTarget;18;2700;750;3.6;0;0;0;0
UniqueIdentifierHelper_Benchmark.GetUniqueIdentifier;Catel.Benchmarks;UniqueIdentifierHelper_Benchmark;GetUniqueIdentifier;Default;Default;Default;Default;Default;Default;Default;Default;Default;Default;Default;Default;Default;Default;Default;Default;Default;Default;Default;Default;Default;750;Default;2;Throughput;5;1;2;"Job-ENVOHN(InvocationCount=750, LaunchCount=2, RunStrategy=Throughput, TargetCount=5, UnrollFactor=1, WarmupCount=2)";;1;IdleTarget;19;3200;750;4.27;0;0;0;0
UniqueIdentifierHelper_Benchmark.GetUniqueIdentifier;Catel.Benchmarks;UniqueIdentifierHelper_Benchmark;GetUniqueIdentifier;Default;Default;Default;Default;Default;Default;Default;Default;Default;Default;Default;Default;Default;Default;Default;Default;Default;Default;Default;Default;Default;750;Default;2;Throughput;5;1;2;"Job-ENVOHN(InvocationCount=750, LaunchCount=2, RunStrategy=Throughput, TargetCount=5, UnrollFactor=1, WarmupCount=2)";;1;IdleTarget;20;2800;750;3.73;0;0;0;0
UniqueIdentifierHelper_Benchmark.GetUniqueIdentifier;Catel.Benchmarks;UniqueIdentifierHelper_Benchmark;GetUniqueIdentifier;Default;Default;Default;Default;Default;Default;Default;Default;Default;Default;Default;Default;Default;Default;Default;Default;Default;Default;Default;Default;Default;750;Default;2;Throughput;5;1;2;"Job-ENVOHN(InvocationCount=750, LaunchCount=2, RunStrategy=Throughput, TargetCount=5, UnrollFactor=1, WarmupCount=2)";;1;MainWarmup;1;88500;750;118;0;0;0;0
UniqueIdentifierHelper_Benchmark.GetUniqueIdentifier;Catel.Benchmarks;UniqueIdentifierHelper_Benchmark;GetUniqueIdentifier;Default;Default;Default;Default;Default;Default;Default;Default;Default;Default;Default;Default;Default;Default;Default;Default;Default;Default;Default;Default;Default;750;Default;2;Throughput;5;1;2;"Job-ENVOHN(InvocationCount=750, LaunchCount=2, RunStrategy=Throughput, TargetCount=5, UnrollFactor=1, WarmupCount=2)";;1;MainWarmup;2;82700;750;110.27;0;0;0;0
UniqueIdentifierHelper_Benchmark.GetUniqueIdentifier;Catel.Benchmarks;UniqueIdentifierHelper_Benchmark;GetUniqueIdentifier;Default;Default;Default;Default;Default;Default;Default;Default;Default;Default;Default;Default;Default;Default;Default;Default;Default;Default;Default;Default;Default;750;Default;2;Throughput;5;1;2;"Job-ENVOHN(InvocationCount=750, LaunchCount=2, RunStrategy=Throughput, TargetCount=5, UnrollFactor=1, WarmupCount=2)";;1;MainTarget;1;82600;750;110.13;0;0;0;0
UniqueIdentifierHelper_Benchmark.GetUniqueIdentifier;Catel.Benchmarks;UniqueIdentifierHelper_Benchmark;GetUniqueIdentifier;Default;Default;Default;Default;Default;Default;Default;Default;Default;Default;Default;Default;Default;Default;Default;Default;Default;Default;Default;Default;Default;750;Default;2;Throughput;5;1;2;"Job-ENVOHN(InvocationCount=750, LaunchCount=2, RunStrategy=Throughput, TargetCount=5, UnrollFactor=1, WarmupCount=2)";;1;MainTarget;2;84600;750;112.8;0;0;0;0
UniqueIdentifierHelper_Benchmark.GetUniqueIdentifier;Catel.Benchmarks;UniqueIdentifierHelper_Benchmark;GetUniqueIdentifier;Default;Default;Default;Default;Default;Default;Default;Default;Default;Default;Default;Default;Default;Default;Default;Default;Default;Default;Default;Default;Default;750;Default;2;Throughput;5;1;2;"Job-ENVOHN(InvocationCount=750, LaunchCount=2, RunStrategy=Throughput, TargetCount=5, UnrollFactor=1, WarmupCount=2)";;1;MainTarget;3;97800;750;130.4;0;0;0;0
UniqueIdentifierHelper_Benchmark.GetUniqueIdentifier;Catel.Benchmarks;UniqueIdentifierHelper_Benchmark;GetUniqueIdentifier;Default;Default;Default;Default;Default;Default;Default;Default;Default;Default;Default;Default;Default;Default;Default;Default;Default;Default;Default;Default;Default;750;Default;2;Throughput;5;1;2;"Job-ENVOHN(InvocationCount=750, LaunchCount=2, RunStrategy=Throughput, TargetCount=5, UnrollFactor=1, WarmupCount=2)";;1;MainTarget;4;83900;750;111.87;0;0;0;0
UniqueIdentifierHelper_Benchmark.GetUniqueIdentifier;Catel.Benchmarks;UniqueIdentifierHelper_Benchmark;GetUniqueIdentifier;Default;Default;Default;Default;Default;Default;Default;Default;Default;Default;Default;Default;Default;Default;Default;Default;Default;Default;Default;Default;Default;750;Default;2;Throughput;5;1;2;"Job-ENVOHN(InvocationCount=750, LaunchCount=2, RunStrategy=Throughput, TargetCount=5, UnrollFactor=1, WarmupCount=2)";;1;MainTarget;5;83900;750;111.87;0;0;0;0
UniqueIdentifierHelper_Benchmark.GetUniqueIdentifier;Catel.Benchmarks;UniqueIdentifierHelper_Benchmark;GetUniqueIdentifier;Default;Default;Default;Default;Default;Default;Default;Default;Default;Default;Default;Default;Default;Default;Default;Default;Default;Default;Default;Default;Default;750;Default;2;Throughput;5;1;2;"Job-ENVOHN(InvocationCount=750, LaunchCount=2, RunStrategy=Throughput, TargetCount=5, UnrollFactor=1, WarmupCount=2)";;1;Result;1;79640;750;106.19;0;0;0;0
UniqueIdentifierHelper_Benchmark.GetUniqueIdentifier;Catel.Benchmarks;UniqueIdentifierHelper_Benchmark;GetUniqueIdentifier;Default;Default;Default;Default;Default;Default;Default;Default;Default;Default;Default;Default;Default;Default;Default;Default;Default;Default;Default;Default;Default;750;Default;2;Throughput;5;1;2;"Job-ENVOHN(InvocationCount=750, LaunchCount=2, RunStrategy=Throughput, TargetCount=5, UnrollFactor=1, WarmupCount=2)";;1;Result;2;81640;750;108.85;0;0;0;0
UniqueIdentifierHelper_Benchmark.GetUniqueIdentifier;Catel.Benchmarks;UniqueIdentifierHelper_Benchmark;GetUniqueIdentifier;Default;Default;Default;Default;Default;Default;Default;Default;Default;Default;Default;Default;Default;Default;Default;Default;Default;Default;Default;Default;Default;750;Default;2;Throughput;5;1;2;"Job-ENVOHN(InvocationCount=750, LaunchCount=2, RunStrategy=Throughput, TargetCount=5, UnrollFactor=1, WarmupCount=2)";;1;Result;3;94840;750;126.45;0;0;0;0
UniqueIdentifierHelper_Benchmark.GetUniqueIdentifier;Catel.Benchmarks;UniqueIdentifierHelper_Benchmark;GetUniqueIdentifier;Default;Default;Default;Default;Default;Default;Default;Default;Default;Default;Default;Default;Default;Default;Default;Default;Default;Default;Default;Default;Default;750;Default;2;Throughput;5;1;2;"Job-ENVOHN(InvocationCount=750, LaunchCount=2, RunStrategy=Throughput, TargetCount=5, UnrollFactor=1, WarmupCount=2)";;1;Result;4;80940;750;107.92;0;0;0;0
UniqueIdentifierHelper_Benchmark.GetUniqueIdentifier;Catel.Benchmarks;UniqueIdentifierHelper_Benchmark;GetUniqueIdentifier;Default;Default;Default;Default;Default;Default;Default;Default;Default;Default;Default;Default;Default;Default;Default;Default;Default;Default;Default;Default;Default;750;Default;2;Throughput;5;1;2;"Job-ENVOHN(InvocationCount=750, LaunchCount=2, RunStrategy=Throughput, TargetCount=5, UnrollFactor=1, WarmupCount=2)";;1;Result;5;80940;750;107.92;0;0;0;0
UniqueIdentifierHelper_Benchmark.GetUniqueIdentifier;Catel.Benchmarks;UniqueIdentifierHelper_Benchmark;GetUniqueIdentifier;Default;Default;Default;Default;Default;Default;Default;Default;Default;Default;Default;Default;Default;Default;Default;Default;Default;Default;Default;Default;Default;750;Default;2;Throughput;5;1;2;"Job-ENVOHN(InvocationCount=750, LaunchCount=2, RunStrategy=Throughput, TargetCount=5, UnrollFactor=1, WarmupCount=2)";;2;IdleWarmup;1;244000;750;325.33;0;0;0;0
UniqueIdentifierHelper_Benchmark.GetUniqueIdentifier;Catel.Benchmarks;UniqueIdentifierHelper_Benchmark;GetUniqueIdentifier;Default;Default;Default;Default;Default;Default;Default;Default;Default;Default;Default;Default;Default;Default;Default;Default;Default;Default;Default;Default;Default;750;Default;2;Throughput;5;1;2;"Job-ENVOHN(InvocationCount=750, LaunchCount=2, RunStrategy=Throughput, TargetCount=5, UnrollFactor=1, WarmupCount=2)";;2;IdleWarmup;2;5800;750;7.73;0;0;0;0
UniqueIdentifierHelper_Benchmark.GetUniqueIdentifier;Catel.Benchmarks;UniqueIdentifierHelper_Benchmark;GetUniqueIdentifier;Default;Default;Default;Default;Default;Default;Default;Default;Default;Default;Default;Default;Default;Default;Default;Default;Default;Default;Default;Default;Default;750;Default;2;Throughput;5;1;2;"Job-ENVOHN(InvocationCount=750, LaunchCount=2, RunStrategy=Throughput, TargetCount=5, UnrollFactor=1, WarmupCount=2)";;2;IdleWarmup;3;2700;750;3.6;0;0;0;0
UniqueIdentifierHelper_Benchmark.GetUniqueIdentifier;Catel.Benchmarks;UniqueIdentifierHelper_Benchmark;GetUniqueIdentifier;Default;Default;Default;Default;Default;Default;Default;Default;Default;Default;Default;Default;Default;Default;Default;Default;Default;Default;Default;Default;Default;750;Default;2;Throughput;5;1;2;"Job-ENVOHN(InvocationCount=750, LaunchCount=2, RunStrategy=Throughput, TargetCount=5, UnrollFactor=1, WarmupCount=2)";;2;IdleWarmup;4;2700;750;3.6;0;0;0;0
UniqueIdentifierHelper_Benchmark.GetUniqueIdentifier;Catel.Benchmarks;UniqueIdentifierHelper_Benchmark;GetUniqueIdentifier;Default;Default;Default;Default;Default;Default;Default;Default;Default;Default;Default;Default;Default;Default;Default;Default;Default;Default;Default;Default;Default;750;Default;2;Throughput;5;1;2;"Job-ENVOHN(InvocationCount=750, LaunchCount=2, RunStrategy=Throughput, TargetCount=5, UnrollFactor=1, WarmupCount=2)";;2;IdleWarmup;5;2700;750;3.6;0;0;0;0
UniqueIdentifierHelper_Benchmark.GetUniqueIdentifier;Catel.Benchmarks;UniqueIdentifierHelper_Benchmark;GetUniqueIdentifier;Default;Default;Default;Default;Default;Default;Default;Default;Default;Default;Default;Default;Default;Default;Default;Default;Default;Default;Default;Default;Default;750;Default;2;Throughput;5;1;2;"Job-ENVOHN(InvocationCount=750, LaunchCount=2, RunStrategy=Throughput, TargetCount=5, UnrollFactor=1, WarmupCount=2)";;2;IdleWarmup;6;2800;750;3.73;0;0;0;0
UniqueIdentifierHelper_Benchmark.GetUniqueIdentifier;Catel.Benchmarks;UniqueIdentifierHelper_Benchmark;GetUniqueIdentifier;Default;Default;Default;Default;Default;Default;Default;Default;Default;Default;Default;Default;Default;Default;Default;Default;Default;Default;Default;Default;Default;750;Default;2;Throughput;5;1;2;"Job-ENVOHN(InvocationCount=750, LaunchCount=2, RunStrategy=Throughput, TargetCount=5, UnrollFactor=1, WarmupCount=2)";;2;IdleWarmup;7;2900;750;3.87;0;0;0;0
UniqueIdentifierHelper_Benchmark.GetUniqueIdentifier;Catel.Benchmarks;UniqueIdentifierHelper_Benchmark;GetUniqueIdentifier;Default;Default;Default;Default;Default;Default;Default;Default;Default;Default;Default;Default;Default;Default;Default;Default;Default;Default;Default;Default;Default;750;Default;2;Throughput;5;1;2;"Job-ENVOHN(InvocationCount=750, LaunchCount=2, RunStrategy=Throughput, TargetCount=5, UnrollFactor=1, WarmupCount=2)";;2;IdleWarmup;8;3000;750;4;0;0;0;0
UniqueIdentifierHelper_Benchmark.GetUniqueIdentifier;Catel.Benchmarks;UniqueIdentifierHelper_Benchmark;GetUniqueIdentifier;Default;Default;Default;Default;Default;Default;Default;Default;Default;Default;Default;Default;Default;Default;Default;Default;Default;Default;Default;Default;Default;750;Default;2;Throughput;5;1;2;"Job-ENVOHN(InvocationCount=750, LaunchCount=2, RunStrategy=Throughput, TargetCount=5, UnrollFactor=1, WarmupCount=2)";;2;IdleWarmup;9;2800;750;3.73;0;0;0;0
UniqueIdentifierHelper_Benchmark.GetUniqueIdentifier;Catel.Benchmarks;UniqueIdentifierHelper_Benchmark;GetUniqueIdentifier;Default;Default;Default;Default;Default;Default;Default;Default;Default;Default;Default;Default;Default;Default;Default;Default;Default;Default;Default;Default;Default;750;Default;2;Throughput;5;1;2;"Job-ENVOHN(InvocationCount=750, LaunchCount=2, RunStrategy=Throughput, TargetCount=5, UnrollFactor=1, WarmupCount=2)";;2;IdleTarget;1;2800;750;3.73;0;0;0;0
UniqueIdentifierHelper_Benchmark.GetUniqueIdentifier;Catel.Benchmarks;UniqueIdentifierHelper_Benchmark;GetUniqueIdentifier;Default;Default;Default;Default;Default;Default;Default;Default;Default;Default;Default;Default;Default;Default;Default;Default;Default;Default;Default;Default;Default;750;Default;2;Throughput;5;1;2;"Job-ENVOHN(InvocationCount=750, LaunchCount=2, RunStrategy=Throughput, TargetCount=5, UnrollFactor=1, WarmupCount=2)";;2;IdleTarget;2;2900;750;3.87;0;0;0;0
UniqueIdentifierHelper_Benchmark.GetUniqueIdentifier;Catel.Benchmarks;UniqueIdentifierHelper_Benchmark;GetUniqueIdentifier;Default;Default;Default;Default;Default;Default;Default;Default;Default;Default;Default;Default;Default;Default;Default;Default;Default;Default;Default;Default;Default;750;Default;2;Throughput;5;1;2;"Job-ENVOHN(InvocationCount=750, LaunchCount=2, RunStrategy=Throughput, TargetCount=5, UnrollFactor=1, WarmupCount=2)";;2;IdleTarget;3;2800;750;3.73;0;0;0;0
UniqueIdentifierHelper_Benchmark.GetUniqueIdentifier;Catel.Benchmarks;UniqueIdentifierHelper_Benchmark;GetUniqueIdentifier;Default;Default;Default;Default;Default;Default;Default;Default;Default;Default;Default;Default;Default;Default;Default;Default;Default;Default;Default;Default;Default;750;Default;2;Throughput;5;1;2;"Job-ENVOHN(InvocationCount=750, LaunchCount=2, RunStrategy=Throughput, TargetCount=5, UnrollFactor=1, WarmupCount=2)";;2;IdleTarget;4;2900;750;3.87;0;0;0;0
UniqueIdentifierHelper_Benchmark.GetUniqueIdentifier;Catel.Benchmarks;UniqueIdentifierHelper_Benchmark;GetUniqueIdentifier;Default;Default;Default;Default;Default;Default;Default;Default;Default;Default;Default;Default;Default;Default;Default;Default;Default;Default;Default;Default;Default;750;Default;2;Throughput;5;1;2;"Job-ENVOHN(InvocationCount=750, LaunchCount=2, RunStrategy=Throughput, TargetCount=5, UnrollFactor=1, WarmupCount=2)";;2;IdleTarget;5;3000;750;4;0;0;0;0
UniqueIdentifierHelper_Benchmark.GetUniqueIdentifier;Catel.Benchmarks;UniqueIdentifierHelper_Benchmark;GetUniqueIdentifier;Default;Default;Default;Default;Default;Default;Default;Default;Default;Default;Default;Default;Default;Default;Default;Default;Default;Default;Default;Default;Default;750;Default;2;Throughput;5;1;2;"Job-ENVOHN(InvocationCount=750, LaunchCount=2, RunStrategy=Throughput, TargetCount=5, UnrollFactor=1, WarmupCount=2)";;2;IdleTarget;6;2800;750;3.73;0;0;0;0
UniqueIdentifierHelper_Benchmark.GetUniqueIdentifier;Catel.Benchmarks;UniqueIdentifierHelper_Benchmark;GetUniqueIdentifier;Default;Default;Default;Default;Default;Default;Default;Default;Default;Default;Default;Default;Default;Default;Default;Default;Default;Default;Default;Default;Default;750;Default;2;Throughput;5;1;2;"Job-ENVOHN(InvocationCount=750, LaunchCount=2, RunStrategy=Throughput, TargetCount=5, UnrollFactor=1, WarmupCount=2)";;2;IdleTarget;7;2800;750;3.73;0;0;0;0
UniqueIdentifierHelper_Benchmark.GetUniqueIdentifier;Catel.Benchmarks;UniqueIdentifierHelper_Benchmark;GetUniqueIdentifier;Default;Default;Default;Default;Default;Default;Default;Default;Default;Default;Default;Default;Default;Default;Default;Default;Default;Default;Default;Default;Default;750;Default;2;Throughput;5;1;2;"Job-ENVOHN(InvocationCount=750, LaunchCount=2, RunStrategy=Throughput, TargetCount=5, UnrollFactor=1, WarmupCount=2)";;2;IdleTarget;8;2800;750;3.73;0;0;0;0
UniqueIdentifierHelper_Benchmark.GetUniqueIdentifier;Catel.Benchmarks;UniqueIdentifierHelper_Benchmark;GetUniqueIdentifier;Default;Default;Default;Default;Default;Default;Default;Default;Default;Default;Default;Default;Default;Default;Default;Default;Default;Default;Default;Default;Default;750;Default;2;Throughput;5;1;2;"Job-ENVOHN(InvocationCount=750, LaunchCount=2, RunStrategy=Throughput, TargetCount=5, UnrollFactor=1, WarmupCount=2)";;2;IdleTarget;9;2800;750;3.73;0;0;0;0
UniqueIdentifierHelper_Benchmark.GetUniqueIdentifier;Catel.Benchmarks;UniqueIdentifierHelper_Benchmark;GetUniqueIdentifier;Default;Default;Default;Default;Default;Default;Default;Default;Default;Default;Default;Default;Default;Default;Default;Default;Default;Default;Default;Default;Default;750;Default;2;Throughput;5;1;2;"Job-ENVOHN(InvocationCount=750, LaunchCount=2, RunStrategy=Throughput, TargetCount=5, UnrollFactor=1, WarmupCount=2)";;2;IdleTarget;10;2900;750;3.87;0;0;0;0
UniqueIdentifierHelper_Benchmark.GetUniqueIdentifier;Catel.Benchmarks;UniqueIdentifierHelper_Benchmark;GetUniqueIdentifier;Default;Default;Default;Default;Default;Default;Default;Default;Default;Default;Default;Default;Default;Default;Default;Default;Default;Default;Default;Default;Default;750;Default;2;Throughput;5;1;2;"Job-ENVOHN(InvocationCount=750, LaunchCount=2, RunStrategy=Throughput, TargetCount=5, UnrollFactor=1, WarmupCount=2)";;2;IdleTarget;11;2700;750;3.6;0;0;0;0
UniqueIdentifierHelper_Benchmark.GetUniqueIdentifier;Catel.Benchmarks;UniqueIdentifierHelper_Benchmark;GetUniqueIdentifier;Default;Default;Default;Default;Default;Default;Default;Default;Default;Default;Default;Default;Default;Default;Default;Default;Default;Default;Default;Default;Default;750;Default;2;Throughput;5;1;2;"Job-ENVOHN(InvocationCount=750, LaunchCount=2, RunStrategy=Throughput, TargetCount=5, UnrollFactor=1, WarmupCount=2)";;2;IdleTarget;12;3000;750;4;0;0;0;0
UniqueIdentifierHelper_Benchmark.GetUniqueIdentifier;Catel.Benchmarks;UniqueIdentifierHelper_Benchmark;GetUniqueIdentifier;Default;Default;Default;Default;Default;Default;Default;Default;Default;Default;Default;Default;Default;Default;Default;Default;Default;Default;Default;Default;Default;750;Default;2;Throughput;5;1;2;"Job-ENVOHN(InvocationCount=750, LaunchCount=2, RunStrategy=Throughput, TargetCount=5, UnrollFactor=1, WarmupCount=2)";;2;IdleTarget;13;2700;750;3.6;0;0;0;0
UniqueIdentifierHelper_Benchmark.GetUniqueIdentifier;Catel.Benchmarks;UniqueIdentifierHelper_Benchmark;GetUniqueIdentifier;Default;Default;Default;Default;Default;Default;Default;Default;Default;Default;Default;Default;Default;Default;Default;Default;Default;Default;Default;Default;Default;750;Default;2;Throughput;5;1;2;"Job-ENVOHN(InvocationCount=750, LaunchCount=2, RunStrategy=Throughput, TargetCount=5, UnrollFactor=1, WarmupCount=2)";;2;IdleTarget;14;3000;750;4;0;0;0;0
UniqueIdentifierHelper_Benchmark.GetUniqueIdentifier;Catel.Benchmarks;UniqueIdentifierHelper_Benchmark;GetUniqueIdentifier;Default;Default;Default;Default;Default;Default;Default;Default;Default;Default;Default;Default;Default;Default;Default;Default;Default;Default;Default;Default;Default;750;Default;2;Throughput;5;1;2;"Job-ENVOHN(InvocationCount=750, LaunchCount=2, RunStrategy=Throughput, TargetCount=5, UnrollFactor=1, WarmupCount=2)";;2;IdleTarget;15;2700;750;3.6;0;0;0;0
UniqueIdentifierHelper_Benchmark.GetUniqueIdentifier;Catel.Benchmarks;UniqueIdentifierHelper_Benchmark;GetUniqueIdentifier;Default;Default;Default;Default;Default;Default;Default;Default;Default;Default;Default;Default;Default;Default;Default;Default;Default;Default;Default;Default;Default;750;Default;2;Throughput;5;1;2;"Job-ENVOHN(InvocationCount=750, LaunchCount=2, RunStrategy=Throughput, TargetCount=5, UnrollFactor=1, WarmupCount=2)";;2;MainWarmup;1;97500;750;130;0;0;0;0
UniqueIdentifierHelper_Benchmark.GetUniqueIdentifier;Catel.Benchmarks;UniqueIdentifierHelper_Benchmark;GetUniqueIdentifier;Default;Default;Default;Default;Default;Default;Default;Default;Default;Default;Default;Default;Default;Default;Default;Default;Default;Default;Default;Default;Default;750;Default;2;Throughput;5;1;2;"Job-ENVOHN(InvocationCount=750, LaunchCount=2, RunStrategy=Throughput, TargetCount=5, UnrollFactor=1, WarmupCount=2)";;2;MainWarmup;2;83000;750;110.67;0;0;0;0
UniqueIdentifierHelper_Benchmark.GetUniqueIdentifier;Catel.Benchmarks;UniqueIdentifierHelper_Benchmark;GetUniqueIdentifier;Default;Default;Default;Default;Default;Default;Default;Default;Default;Default;Default;Default;Default;Default;Default;Default;Default;Default;Default;Default;Default;750;Default;2;Throughput;5;1;2;"Job-ENVOHN(InvocationCount=750, LaunchCount=2, RunStrategy=Throughput, TargetCount=5, UnrollFactor=1, WarmupCount=2)";;2;MainTarget;1;91100;750;121.47;0;0;0;0
UniqueIdentifierHelper_Benchmark.GetUniqueIdentifier;Catel.Benchmarks;UniqueIdentifierHelper_Benchmark;GetUniqueIdentifier;Default;Default;Default;Default;Default;Default;Default;Default;Default;Default;Default;Default;Default;Default;Default;Default;Default;Default;Default;Default;Default;750;Default;2;Throughput;5;1;2;"Job-ENVOHN(InvocationCount=750, LaunchCount=2, RunStrategy=Throughput, TargetCount=5, UnrollFactor=1, WarmupCount=2)";;2;MainTarget;2;82600;750;110.13;0;0;0;0
UniqueIdentifierHelper_Benchmark.GetUniqueIdentifier;Catel.Benchmarks;UniqueIdentifierHelper_Benchmark;GetUniqueIdentifier;Default;Default;Default;Default;Default;Default;Default;Default;Default;Default;Default;Default;Default;Default;Default;Default;Default;Default;Default;Default;Default;750;Default;2;Throughput;5;1;2;"Job-ENVOHN(InvocationCount=750, LaunchCount=2, RunStrategy=Throughput, TargetCount=5, UnrollFactor=1, WarmupCount=2)";;2;MainTarget;3;91600;750;122.13;0;0;0;0
UniqueIdentifierHelper_Benchmark.GetUniqueIdentifier;Catel.Benchmarks;UniqueIdentifierHelper_Benchmark;GetUniqueIdentifier;Default;Default;Default;Default;Default;Default;Default;Default;Default;Default;Default;Default;Default;Default;Default;Default;Default;Default;Default;Default;Default;750;Default;2;Throughput;5;1;2;"Job-ENVOHN(InvocationCount=750, LaunchCount=2, RunStrategy=Throughput, TargetCount=5, UnrollFactor=1, WarmupCount=2)";;2;MainTarget;4;83700;750;111.6;0;0;0;0
UniqueIdentifierHelper_Benchmark.GetUniqueIdentifier;Catel.Benchmarks;UniqueIdentifierHelper_Benchmark;GetUniqueIdentifier;Default;Default;Default;Default;Default;Default;Default;Default;Default;Default;Default;Default;Default;Default;Default;Default;Default;Default;Default;Default;Default;750;Default;2;Throughput;5;1;2;"Job-ENVOHN(InvocationCount=750, LaunchCount=2, RunStrategy=Throughput, TargetCount=5, UnrollFactor=1, WarmupCount=2)";;2;MainTarget;5;86700;750;115.6;0;0;0;0
UniqueIdentifierHelper_Benchmark.GetUniqueIdentifier;Catel.Benchmarks;UniqueIdentifierHelper_Benchmark;GetUniqueIdentifier;Default;Default;Default;Default;Default;Default;Default;Default;Default;Default;Default;Default;Default;Default;Default;Default;Default;Default;Default;Default;Default;750;Default;2;Throughput;5;1;2;"Job-ENVOHN(InvocationCount=750, LaunchCount=2, RunStrategy=Throughput, TargetCount=5, UnrollFactor=1, WarmupCount=2)";;2;Result;1;88260;750;117.68;0;0;0;0
UniqueIdentifierHelper_Benchmark.GetUniqueIdentifier;Catel.Benchmarks;UniqueIdentifierHelper_Benchmark;GetUniqueIdentifier;Default;Default;Default;Default;Default;Default;Default;Default;Default;Default;Default;Default;Default;Default;Default;Default;Default;Default;Default;Default;Default;750;Default;2;Throughput;5;1;2;"Job-ENVOHN(InvocationCount=750, LaunchCount=2, RunStrategy=Throughput, TargetCount=5, UnrollFactor=1, WarmupCount=2)";;2;Result;2;79760;750;106.35;0;0;0;0
UniqueIdentifierHelper_Benchmark.GetUniqueIdentifier;Catel.Benchmarks;UniqueIdentifierHelper_Benchmark;GetUniqueIdentifier;Default;Default;Default;Default;Default;Default;Default;Default;Default;Default;Default;Default;Default;Default;Default;Default;Default;Default;Default;Default;Default;750;Default;2;Throughput;5;1;2;"Job-ENVOHN(InvocationCount=750, LaunchCount=2, RunStrategy=Throughput, TargetCount=5, UnrollFactor=1, WarmupCount=2)";;2;Result;3;88760;750;118.35;0;0;0;0
UniqueIdentifierHelper_Benchmark.GetUniqueIdentifier;Catel.Benchmarks;UniqueIdentifierHelper_Benchmark;GetUniqueIdentifier;Default;Default;Default;Default;Default;Default;Default;Default;Default;Default;Default;Default;Default;Default;Default;Default;Default;Default;Default;Default;Default;750;Default;2;Throughput;5;1;2;"Job-ENVOHN(InvocationCount=750, LaunchCount=2, RunStrategy=Throughput, TargetCount=5, UnrollFactor=1, WarmupCount=2)";;2;Result;4;80860;750;107.81;0;0;0;0
UniqueIdentifierHelper_Benchmark.GetUniqueIdentifier;Catel.Benchmarks;UniqueIdentifierHelper_Benchmark;GetUniqueIdentifier;Default;Default;Default;Default;Default;Default;Default;Default;Default;Default;Default;Default;Default;Default;Default;Default;Default;Default;Default;Default;Default;750;Default;2;Throughput;5;1;2;"Job-ENVOHN(InvocationCount=750, LaunchCount=2, RunStrategy=Throughput, TargetCount=5, UnrollFactor=1, WarmupCount=2)";;2;Result;5;83860;750;111.81;0;0;0;0
